# NaN NaN NaN ;Mean Elev.(m), Avg Gradient(m/km), RMS Gradient(m/km) - SRTM1     
#   72.466  -0.215  23.817 ;Mean Elev.(m), Avg Gradient(m/km), RMS Gradient(m/km) - ASTER GDEM
#   49.481  -1.156  23.079 ;Mean Elev.(m), Avg Gradient(m/km), RMS Gradient(m/km) - GMTED2010 
  17  31.309240  27.139705    49.252    49.252  2 54823.89989965 51.045
  18  31.308514  27.142809    49.405    49.405  2 54833.81554004 50.708
  19  31.306481  27.145546    48.954    48.954  2 54843.73119035 45.971
  21  31.303510  27.151906    49.926    49.926  2 54863.56248956 46.823
  23  31.303505  27.151714    53.134    53.134  2 54883.39378505 31.733
  24  31.304216  27.148972    50.346    50.346  2 54893.30942766 34.789
  25  31.304968  27.148559    50.118    50.118  2 54903.22506784 40.123
  28  31.305868  27.147163    50.886    50.886  2 54932.97198068 48.590
  29  31.308236  27.142235    50.817    50.817  2 54942.88761487 52.199
  30  31.311139  27.136350    51.011    50.997  4 54952.80324710 53.245
  31  31.311240  27.135275    52.018    51.899  4 54962.71889007 44.168
  33  31.308854  27.141834    50.988    50.988  2 54982.55018752 37.168
  35  31.307606  27.144698    51.080    51.080  2 55002.38148231 45.313
  36  31.306994  27.145632    51.244    51.244  2 55012.29712723 49.183
  37  31.307263  27.147338    51.683    51.683  2 55022.21277084 38.000
  38  31.306829  27.147758    50.949    50.949  2 55032.12841306 47.504
  39  31.306405  27.146344    50.992    50.992  2 55042.04405410 50.081
  40  31.308101  27.144096    50.783    50.783  2 55051.95969359 53.111
  42  31.310114  27.138699    50.806    50.806  2 55071.79097322 50.814
  43  31.309295  27.141618    50.353    50.353  2 55081.70662233 51.177
  44  31.307170  27.143814    50.245    50.245  2 55091.62226982 39.591
  45  31.306312  27.147793    49.837    49.837  2 55101.53791745 45.435
  46  31.305307  27.148315    50.465    50.465  2 55111.45356402 33.455
  47  31.306387  27.147929    49.839    49.839  2 55121.36920850 50.005
  48  31.307470  27.145554    49.963    49.963  2 55131.28484970 48.654
  50  31.307856  27.143706    49.826    49.826  2 55151.11612722 42.174
  51  31.308312  27.143187    49.629    49.629  2 55161.03176547 50.581
  52  31.308884  27.140452    48.974    48.974  2 55170.94740288 50.834
  53  31.310114  27.137479    48.665    48.653  3 55180.86303882 50.356
  54  31.308995  27.140075    48.930    48.930  2 55190.77868773 50.215
  55  31.307302  27.145539    50.607    50.607  2 55200.69433899 32.747
  56  31.305962  27.149629    50.730    50.730  2 55210.60998956 40.360
  58  31.305112  27.150254    52.998    52.998  2 55230.44128764 28.210
  59  31.305232  27.148169    49.978    49.978  2 55240.35693246 45.182
  60  31.305272  27.147473    49.525    49.525  2 55250.27257385 37.158
  63  31.306601  27.147547    50.168    50.168  2 55280.01948851 48.644
  65  31.309986  27.138410    50.230    50.230  2 55299.85075746 50.574
  66  31.309826  27.137682    50.248    50.227  3 55309.76640199 40.633
  69  31.307208  27.144088    51.567    51.567  2 55339.51333813 34.897
  70  31.307306  27.143890    50.924    50.924  2 55349.42898245 43.043
  71  31.307587  27.142761    51.329    51.329  2 55359.34462458 52.955
  72  31.308194  27.144056    51.331    51.331  2 55369.26026492 44.994
  74  31.308367  27.142872    50.921    50.921  2 55389.09154058 42.858
  75  31.309483  27.139272    51.150    51.150  2 55399.00717641 40.788
  76  31.310080  27.136595    51.259    51.259  2 55408.92282155 50.614
  77  31.309762  27.137380    50.872    50.872  2 55418.83847205 50.088
  78  31.309101  27.140377    50.855    50.855  2 55428.75411968 51.513
  79  31.307567  27.143576    50.811    50.811  2 55438.66976491 41.973
  80  31.306536  27.146039    50.243    50.243  2 55448.58540891 35.422
  82  31.307270  27.143997    49.608    49.608  2 55468.41669467 42.729
  83  31.308963  27.141569    49.607    49.607  2 55478.33233376 47.153
  84  31.310223  27.139083    50.347    50.347  2 55488.24796966 48.905
  85  31.309802  27.135194    49.740    49.709  3 55498.16360266 37.952
  86  31.309800  27.136747    49.650    49.650  2 55508.07924117 50.383
  87  31.308763  27.141317    50.146    50.146  2 55517.99489205 43.492
  89  31.308084  27.144000    49.114    49.114  2 55537.82618891 49.381
  90  31.307472  27.145328    49.182    49.182  2 55547.74183428 48.961
  91  31.306629  27.148373    48.757    48.757  2 55557.65747838 47.817
  92  31.305859  27.149542    50.258    50.258  2 55567.57312141 31.930
  93  31.306433  27.147670    49.198    49.198  2 55577.48876327 42.294
  94  31.308134  27.144042    49.342    49.342  2 55587.40440280 48.594
  95  31.309560  27.138270    49.496    49.496  2 55597.32003870 37.078
  96  31.310613  27.135772    49.852    49.821  4 55607.23567219 45.176
  97  31.311265  27.134966    51.672    51.630  4 55617.15130367 39.305
  98  31.310133  27.137545    50.188    50.092  3 55627.06694806 36.847
  99  31.309540  27.140722    50.247    50.247  2 55636.98259981 52.279
 100  31.309363  27.140595    50.323    50.323  2 55646.89824890 51.334
 101  31.309245  27.139691    50.229    50.229  2 55656.81389507 50.118
 103  31.308965  27.141810    50.377    50.377  2 55676.64517717 42.321
 104  31.308840  27.142503    50.564    50.564  2 55686.56081520 50.126
 106  31.310176  27.135425    50.722    50.710  3 55706.39208613 51.207
 107  31.310289  27.137908    51.512    51.127  3 55716.30773656 42.556
 108  31.309153  27.141171    51.310    51.310  2 55726.22338579 45.572
 109  31.307476  27.143755    51.134    51.134  2 55736.13903285 48.065
 111  31.307253  27.146406    51.269    51.269  2 55755.97032205 51.794
 113  31.309824  27.137707    50.911    50.911  2 55775.80159964 46.665
 114  31.310931  27.136028    51.008    50.972  3 55785.71723481 52.966
 115  31.310731  27.134616    50.884    50.834  4 55795.63286820 48.450
 116  31.310583  27.135964    51.016    50.434  4 55805.54850846 39.982
 117  31.310326  27.138889    50.264    50.264  2 55815.46415868 41.306
 118  31.310562  27.137700    49.807    49.879  3 55825.37980548 40.570
 119  31.310664  27.135083    49.743    49.790  4 55835.29544740 43.233
 120  31.310614  27.133606    49.693    49.650  4 55845.21108581 42.577
 121  31.311321  27.134760    49.806    49.792  4 55855.12672179 39.614
 122  31.310888  27.136553    49.845    49.811  3 55865.04236204 46.463
 133  31.308663  27.142426    49.826    49.826  2 55974.11445153 50.177
 135  31.310547  27.135457    49.921    49.884  3 55993.94571963 39.522
 136  31.310322  27.136278    50.522    49.864  4 56003.86137005 37.866
 137  31.309930  27.137970    50.007    50.057  3 56013.77701889 46.917
 139  31.307699  27.143603    49.881    49.881  2 56033.60830866 38.741
 141  31.307743  27.142427    50.662    50.662  2 56053.43958852 49.093
 142  31.309760  27.139612    50.559    50.559  2 56063.35522352 42.960
 143  31.309756  27.137120    50.722    50.722  2 56073.27086495 49.339
 149  31.311000  27.135863    51.094    51.104  4 56132.76471046 45.873
 150  31.311364  27.133857    51.176    51.146  4 56142.68034750 36.602
 152  31.308393  27.141559    50.900    50.900  2 56162.51164923 41.379
 154  31.308934  27.140836    50.399    50.399  2 56182.34293953 49.836
 155  31.309704  27.139578    49.765    49.765  2 56192.25857826 38.357
 156  31.309502  27.137978    49.697    49.697  2 56202.17421395 49.086
 157  31.309602  27.135730    49.968    49.994  3 56212.08984740 48.927
 158  31.311432  27.133833    50.062    50.070  4 56222.00547904 51.295
 159  31.309781  27.136806    50.237    50.237  2 56231.92113362 49.455
 162  31.308098  27.143496    49.051    49.051  2 56261.66807922 42.028
 166  31.307570  27.145908    50.295    50.295  2 56301.33066375 31.873
 167  31.307201  27.145426    49.234    49.234  2 56311.24630742 44.884
 169  31.306876  27.144503    50.306    50.306  2 56331.07758893 46.452
 172  31.310521  27.136271    49.907    49.927  4 56360.82450313 50.294
 173  31.309144  27.139864    49.932    49.932  2 56370.74015321 44.164
 175  31.306153  27.147419    51.417    51.417  2 56390.57144655 32.538
 176  31.306559  27.147313    51.685    51.685  2 56400.48708999 33.219
 177  31.307659  27.144920    50.793    50.793  2 56410.40273035 51.044
 179  31.309820  27.138274    50.290    50.290  2 56430.23400190 43.761
 180  31.307655  27.143989    50.800    50.800  2 56440.14965579 51.851
 181  31.306143  27.146870    51.168    51.168  2 56450.06530654 49.280
 182  31.305938  27.146434    51.031    51.031  2 56459.98095447 37.798
 183  31.307224  27.146380    50.996    50.996  2 56469.89659930 52.291
 184  31.307392  27.143282    51.097    51.097  2 56479.81223966 51.662
 185  31.308175  27.141641    51.075    51.075  2 56489.72787657 50.733
 187  31.310125  27.135540    51.275    51.275  3 56509.55914434 42.306
 188  31.311609  27.135510    51.563    51.214  4 56519.47478644 38.094
 189  31.309924  27.136630    50.880    50.880  2 56529.39044060 45.784
 190  31.309967  27.139905    50.561    50.561  2 56539.30609123 40.073
 191  31.308469  27.141347    50.078    50.078  2 56549.22173697 49.252
 192  31.307114  27.144299    49.799    49.799  2 56559.13738041 46.799
 193  31.306751  27.145975    49.798    49.798  2 56569.05302255 47.864
 196  31.309890  27.137105    49.592    49.592  2 56598.79994217 51.373
 199  31.306649  27.145320    49.165    49.165  2 56628.54688412 46.633
 205  31.305950  27.146175    49.395    49.395  2 56688.04075650 44.878
 206  31.307296  27.144250    49.573    49.573  2 56697.95639719 49.071
 208  31.310555  27.136617    50.104    50.100  3 56717.78766904 50.802
 211  31.304413  27.149257    50.044    50.044  2 56747.53461802 46.672
 212  31.305980  27.147792    51.584    51.584  2 56757.45025885 32.545
 213  31.308505  27.141584    49.933    49.933  2 56767.36589288 37.882
 215  31.307119  27.146631    49.980    49.980  2 56787.19719414 49.124
 217  31.302769  27.152468    51.305    51.305  2 56807.02849427 48.659
 219  31.306503  27.145163    52.009    52.009  2 56826.85977136 32.199
 221  31.310414  27.135602    51.178    51.193  4 56846.69103519 50.316
 222  31.309399  27.140660    50.915    50.915  2 56856.60668619 41.138
 224  31.307004  27.146812    51.073    51.073  2 56876.43799333 48.027
 226  31.305756  27.146801    51.198    51.198  2 56896.26928898 48.520
 229  31.304385  27.149711    49.570    49.570  2 56926.01621255 43.843
 230  31.306258  27.145668    50.094    50.094  2 56935.93184757 45.990
 231  31.310218  27.139367    49.890    49.890  2 56945.84747706 50.585
 232  31.309451  27.139725    49.784    49.784  2 56955.76312909 50.114
 234  31.307463  27.146365    49.853    49.853  2 56975.59442469 46.824
 235  31.307471  27.146715    50.890    50.890  2 56985.51006554 33.287
 236  31.308724  27.140932    48.643    48.643  2 56995.42569989 46.733
 237  31.310381  27.137597    50.054    48.990  3 57005.34134174 38.063
 238  31.309346  27.140260    49.043    49.043  2 57015.25699764 43.963
 239  31.307681  27.142921    48.500    48.500  2 57025.17264884 44.622
 240  31.306777  27.146887    49.351    49.351  2 57035.08829790 45.148
 241  31.306385  27.147445    49.000    49.000  2 57045.00394367 47.707
 242  31.307349  27.146077    49.089    49.089  2 57054.91958613 48.881
 243  31.308865  27.142590    49.632    49.632  2 57064.83522335 44.632
 244  31.310328  27.139767    50.324    50.324  2 57074.75085611 50.168
 245  31.311372  27.135965    50.901    50.025  4 57084.66648556 39.183
 246  31.308666  27.140676    49.867    49.867  2 57094.58213986 39.429
 247  31.306489  27.146423    49.853    49.853  2 57104.49779769 39.022
 248  31.306157  27.148740    49.902    49.902  2 57114.41345075 42.420
 249  31.306522  27.147039    53.034    53.034  2 57124.32909682 32.957
 250  31.307419  27.145898    51.053    51.053  2 57134.24473756 49.477
