# NaN NaN NaN ;Mean Elev.(m), Avg Gradient(m/km), RMS Gradient(m/km) - SRTM1     
#   72.466  -0.215  23.817 ;Mean Elev.(m), Avg Gradient(m/km), RMS Gradient(m/km) - ASTER GDEM
#   49.481  -1.156  23.079 ;Mean Elev.(m), Avg Gradient(m/km), RMS Gradient(m/km) - GMTED2010 
  17    49.171 54823.89989935 50.16  31.308651  27.138489 24.251 -100.00 -100.00 -100.00
  17    49.332 54823.89989994 51.78  31.309830  27.140920   -100 -100.00 -100.00 -100.00
  18    49.529 54833.81553975 50.24  31.307925  27.141594   -100 -100.00 -100.00 -100.00
  18    49.281 54833.81554034 51.13  31.309104  27.144025 16.389 -100.00 -100.00 -100.00
  19    49.181 54843.73119005 44.90  31.305892  27.144331 32.389 -100.00 -100.00 -100.00
  19    48.728 54843.73119064 46.83  31.307071  27.146762  0.717 -100.00 -100.00 -100.00
  21    50.185 54863.56248927 44.86  31.302921  27.150691 26.114 -100.00 -100.00 -100.00
  21    49.666 54863.56248986 48.17  31.304100  27.153122   -100 -100.00 -100.00 -100.00
  23    52.936 54883.39378475 33.62  31.302915  27.150499   -100 -100.00 -100.00 -100.00
  23    53.332 54883.39378534 28.32  31.304095  27.152930 22.062 -100.00 -100.00 -100.00
  24    50.303 54893.30942736 35.74  31.303626  27.147756   -100 -100.00 -100.00 -100.00
  24    50.389 54893.30942796 33.57  31.304806  27.150188   -100 -100.00 -100.00 -100.00
  25    50.072 54903.22506754 39.19  31.304379  27.147344  7.865 -100.00 -100.00 -100.00
  25    50.163 54903.22506814 40.89  31.305558  27.149775 12.559 -100.00 -100.00 -100.00
  28    50.860 54932.97198038 47.84  31.305279  27.145948   -100 -100.00 -100.00 -100.00
  28    50.911 54932.97198097 49.23  31.306458  27.148379   -100 -100.00 -100.00 -100.00
  29    50.666 54942.88761458 51.20  31.307647  27.141020 25.684 -100.00 -100.00 -100.00
  29    50.968 54942.88761517 53.01  31.308826  27.143451   -100 -100.00 -100.00 -100.00
  30    51.028 54952.80324621 51.14  31.309371  27.132703 15.313 -100.00 -100.00 -100.00
  30    50.893 54952.80324680 52.22  31.310550  27.135135 24.911 -100.00 -100.00 -100.00
  30    51.155 54952.80324740 53.70  31.311729  27.137566   -100 -100.00 -100.00 -100.00
  30    50.967 54952.80324799 54.96  31.312908  27.139997   -100 -100.00 -100.00 -100.00
  31    50.994 54962.71888919 47.82  31.309472  27.131629   -100 -100.00 -100.00 -100.00
  31    50.924 54962.71888978 45.99  31.310651  27.134060 25.782 -100.00 -100.00 -100.00
  31    52.805 54962.71889037 33.42  31.311830  27.136491   -100 -100.00 -100.00 -100.00
  31    53.350 54962.71889096 32.98  31.313009  27.138922   -100 -100.00 -100.00 -100.00
  33    51.047 54982.55018723 38.45  31.308265  27.140619   -100 -100.00 -100.00 -100.00
  33    50.928 54982.55018782 35.34  31.309444  27.143050   -100 -100.00 -100.00 -100.00
  35    50.935 55002.38148201 44.62  31.307017  27.143483 25.985 -100.00 -100.00 -100.00
  35    51.226 55002.38148260 45.91  31.308196  27.145914  2.412 -100.00 -100.00 -100.00
  36    51.309 55012.29712693 48.25  31.306404  27.144417   -100 -100.00 -100.00 -100.00
  36    51.179 55012.29712752 49.95  31.307584  27.146848   -100 -100.00 -100.00 -100.00
  37    50.997 55022.21277054 38.48  31.306674  27.146123   -100 -100.00 -100.00 -100.00
  37    52.369 55022.21277113 37.46  31.307853  27.148554   -100 -100.00 -100.00 -100.00
  38    51.056 55032.12841276 48.11  31.306240  27.146543 16.647 -100.00 -100.00 -100.00
  38    50.842 55032.12841335 46.80  31.307419  27.148974   -100 -100.00 -100.00 -100.00
  39    51.101 55042.04405380 48.28  31.305815  27.145128   -100 -100.00 -100.00 -100.00
  39    50.883 55042.04405439 51.35  31.306995  27.147559   -100 -100.00 -100.00 -100.00
  40    50.828 55051.95969329 51.35  31.307512  27.142881 31.966 -100.00 -100.00 -100.00
  40    50.737 55051.95969388 54.36  31.308691  27.145312   -100 -100.00 -100.00 -100.00
  42    50.890 55071.79097292 49.29  31.309525  27.137484   -100 -100.00 -100.00 -100.00
  42    50.722 55071.79097351 51.94  31.310704  27.139914   -100 -100.00 -100.00 -100.00
  43    50.230 55081.70662204 50.25  31.308705  27.140403 19.888 -100.00 -100.00 -100.00
  43    50.477 55081.70662263 51.94  31.309884  27.142834   -100 -100.00 -100.00 -100.00
  44    50.215 55091.62226953 37.89  31.306580  27.142599   -100 -100.00 -100.00 -100.00
  44    50.276 55091.62227012 40.81  31.307759  27.145030  4.922 -100.00 -100.00 -100.00
  45    49.773 55101.53791715 46.39  31.305722  27.146578   -100 -100.00 -100.00 -100.00
  45    49.900 55101.53791774 44.21  31.306902  27.149009   -100 -100.00 -100.00 -100.00
  46    49.727 55111.45356372 35.16  31.304717  27.147100   -100 -100.00 -100.00 -100.00
  46    51.202 55111.45356431 30.61  31.305896  27.149531 29.075 -100.00 -100.00 -100.00
  47    50.038 55121.36920821 47.96  31.305797  27.146714   -100 -100.00 -100.00 -100.00
  47    49.640 55121.36920880 51.39  31.306977  27.149144   -100 -100.00 -100.00 -100.00
  48    50.174 55131.28484941 46.05  31.306881  27.144339   -100 -100.00 -100.00 -100.00
  48    49.752 55131.28485000 50.27  31.308060  27.146769 20.857 -100.00 -100.00 -100.00
  50    49.961 55151.11612692 40.63  31.307266  27.142491   -100 -100.00 -100.00 -100.00
  50    49.691 55151.11612751 43.31  31.308446  27.144921   -100 -100.00 -100.00 -100.00
  51    49.630 55161.03176518 50.03  31.307722  27.141972   -100 -100.00 -100.00 -100.00
  51    49.628 55161.03176577 51.07  31.308902  27.144403  3.489 -100.00 -100.00 -100.00
  52    48.901 55170.94740258 50.21  31.308295  27.139237 14.066 -100.00 -100.00 -100.00
  52    49.046 55170.94740317 51.38  31.309474  27.141668   -100 -100.00 -100.00 -100.00
  53    48.628 55180.86303823 49.33  31.308935  27.135048 17.667 -100.00 -100.00 -100.00
  53    48.653 55180.86303882 51.27  31.310114  27.137479 17.323 -100.00 -100.00 -100.00
  53    48.714 55180.86303941 50.25  31.311293  27.139910 19.888 -100.00 -100.00 -100.00
  54    48.956 55190.77868743 49.30  31.308406  27.138860   -100 -100.00 -100.00 -100.00
  54    48.905 55190.77868802 50.97  31.309585  27.141291   -100 -100.00 -100.00 -100.00
  55    49.298 55200.69433869 32.35  31.306713  27.144323   -100 -100.00 -100.00 -100.00
  55    51.917 55200.69433928 33.11  31.307892  27.146754   -100 -100.00 -100.00 -100.00
  56    49.074 55210.60998927 38.28  31.305372  27.148414   -100 -100.00 -100.00 -100.00
  56    52.386 55210.60998986 41.76  31.306552  27.150845   -100 -100.00 -100.00 -100.00
  58    52.977 55230.44128734 29.84  31.304523  27.149039 27.809 -100.00 -100.00 -100.00
  58    53.018 55230.44128793 25.57  31.305702  27.151470 16.550 -100.00 -100.00 -100.00
  59    50.044 55240.35693216 43.95  31.304643  27.146954 25.886 -100.00 -100.00 -100.00
  59    49.912 55240.35693276 46.14  31.305822  27.149385 28.917 -100.00 -100.00 -100.00
  60    49.507 55250.27257355 38.34  31.304683  27.146258  0.403 -100.00 -100.00 -100.00
  60    49.543 55250.27257414 35.53  31.305862  27.148689   -100 -100.00 -100.00 -100.00
  63    50.124 55280.01948821 48.35  31.306012  27.146332 22.376 -100.00 -100.00 -100.00
  63    50.211 55280.01948880 48.92  31.307191  27.148763 28.825 -100.00 -100.00 -100.00
  65    50.353 55299.85075717 49.49  31.309396  27.137195   -100 -100.00 -100.00 -100.00
  65    50.107 55299.85075776 51.44  31.310576  27.139626 25.013 -100.00 -100.00 -100.00
  66    50.323 55309.76640140 39.18  31.308646  27.135251   -100 -100.00 -100.00 -100.00
  66    50.195 55309.76640199 36.90  31.309826  27.137682   -100 -100.00 -100.00 -100.00
  66    50.227 55309.76640258 43.33  31.311005  27.140113   -100 -100.00 -100.00 -100.00
  69    50.232 55339.51333783 35.72  31.306618  27.142873   -100 -100.00 -100.00 -100.00
  69    52.901 55339.51333842 33.88  31.307798  27.145304 31.753 -100.00 -100.00 -100.00
  70    51.051 55349.42898216 44.13  31.306717  27.142674   -100 -100.00 -100.00 -100.00
  70    50.796 55349.42898275 41.59  31.307896  27.145106 20.864 -100.00 -100.00 -100.00
  71    51.373 55359.34462429 50.46  31.306998  27.141546 22.135 -100.00 -100.00 -100.00
  71    51.286 55359.34462488 54.53  31.308177  27.143977   -100 -100.00 -100.00 -100.00
  72    51.252 55369.26026463 42.34  31.307604  27.142841  8.904 -100.00 -100.00 -100.00
  72    51.411 55369.26026522 46.63  31.308784  27.145272 17.019 -100.00 -100.00 -100.00
  74    50.945 55389.09154029 45.47  31.307778  27.141657   -100 -100.00 -100.00 -100.00
  74    50.897 55389.09154088 35.29  31.308957  27.144087   -100 -100.00 -100.00 -100.00
  75    51.145 55399.00717611 42.08  31.308894  27.138057 30.329 -100.00 -100.00 -100.00
  75    51.154 55399.00717671 38.94  31.310073  27.140488  0.333 -100.00 -100.00 -100.00
  76    51.292 55408.92282125 49.42  31.309490  27.135380 13.947 -100.00 -100.00 -100.00
  76    51.226 55408.92282184 51.55  31.310669  27.137811   -100 -100.00 -100.00 -100.00
  77    50.973 55418.83847175 49.57  31.309173  27.136165   -100 -100.00 -100.00 -100.00
  77    50.771 55418.83847234 50.55  31.310352  27.138596 27.057 -100.00 -100.00 -100.00
  78    50.831 55428.75411938 50.49  31.308512  27.139162 27.218 -100.00 -100.00 -100.00
  78    50.880 55428.75411997 52.34  31.309691  27.141592 13.476 -100.00 -100.00 -100.00
  79    50.688 55438.66976461 43.79  31.306978  27.142361 19.378 -100.00 -100.00 -100.00
  79    50.933 55438.66976520 38.79  31.308157  27.144791   -100 -100.00 -100.00 -100.00
  80    50.203 55448.58540861 36.53  31.305947  27.144824   -100 -100.00 -100.00 -100.00
  80    50.282 55448.58540921 33.93  31.307126  27.147254   -100 -100.00 -100.00 -100.00
  82    49.565 55468.41669437 43.56  31.306680  27.142782 20.043 -100.00 -100.00 -100.00
  82    49.652 55468.41669496 41.70  31.307860  27.145212   -100 -100.00 -100.00 -100.00
  83    49.521 55478.33233346 47.92  31.308374  27.140354 32.134 -100.00 -100.00 -100.00
  83    49.692 55478.33233405 46.22  31.309553  27.142785  2.178 -100.00 -100.00 -100.00
  84    50.292 55488.24796937 48.41  31.309633  27.137868   -100 -100.00 -100.00 -100.00
  84    50.402 55488.24796996 49.35  31.310813  27.140299   -100 -100.00 -100.00 -100.00
  85    49.675 55498.16360207 39.86  31.308623  27.132763  6.424 -100.00 -100.00 -100.00
  85    49.709 55498.16360266 37.97  31.309802  27.135194 11.264 -100.00 -100.00 -100.00
  85    49.835 55498.16360325 34.43  31.310981  27.137625   -100 -100.00 -100.00 -100.00
  86    49.792 55508.07924087 50.21  31.309210  27.135532   -100 -100.00 -100.00 -100.00
  86    49.507 55508.07924146 50.55  31.310390  27.137963 26.789 -100.00 -100.00 -100.00
  87    50.084 55517.99489175 42.89  31.308174  27.140102 12.108 -100.00 -100.00 -100.00
  87    50.208 55517.99489234 44.02  31.309353  27.142533   -100 -100.00 -100.00 -100.00
  89    49.280 55537.82618862 47.58  31.307495  27.142785   -100 -100.00 -100.00 -100.00
  89    48.947 55537.82618921 50.65  31.308674  27.145216 30.387 -100.00 -100.00 -100.00
  90    49.368 55547.74183398 47.18  31.306883  27.144112 30.918 -100.00 -100.00 -100.00
  90    48.995 55547.74183457 50.22  31.308062  27.146543   -100 -100.00 -100.00 -100.00
  91    48.769 55557.65747808 45.17  31.306040  27.147158   -100 -100.00 -100.00 -100.00
  91    48.745 55557.65747867 49.45  31.307219  27.149589  7.657 -100.00 -100.00 -100.00
  92    48.938 55567.57312112 31.22  31.305270  27.148327   -100 -100.00 -100.00 -100.00
  92    51.577 55567.57312171 32.54  31.306449  27.150758   -100 -100.00 -100.00 -100.00
  93    49.139 55577.48876298 41.00  31.305843  27.146455   -100 -100.00 -100.00 -100.00
  93    49.257 55577.48876357 43.29  31.307023  27.148886   -100 -100.00 -100.00 -100.00
  94    49.262 55587.40440251 47.40  31.307544  27.142826  9.476 -100.00 -100.00 -100.00
  94    49.422 55587.40440310 49.53  31.308724  27.145258   -100 -100.00 -100.00 -100.00
  95    49.594 55597.32003840 37.40  31.308971  27.137055   -100 -100.00 -100.00 -100.00
  95    49.398 55597.32003899 36.73  31.310150  27.139486   -100 -100.00 -100.00 -100.00
  96    49.790 55607.23567131 45.72  31.308844  27.132125   -100 -100.00 -100.00 -100.00
  96    49.853 55607.23567190 45.39  31.310023  27.134557   -100 -100.00 -100.00 -100.00
  96    49.979 55607.23567249 41.29  31.311202  27.136988   -100 -100.00 -100.00 -100.00
  96    49.787 55607.23567308 46.66  31.312382  27.139419   -100 -100.00 -100.00 -100.00
  97    50.223 55617.15130278 41.56  31.309496  27.131320 17.496 -100.00 -100.00 -100.00
  97    50.021 55617.15130337 42.47  31.310675  27.133751 15.174 -100.00 -100.00 -100.00
  97    53.038 55617.15130396 31.33  31.311854  27.136182 30.400 -100.00 -100.00 -100.00
  97    53.407 55617.15130455 28.72  31.313034  27.138613 21.603 -100.00 -100.00 -100.00
  98    50.386 55627.06694746 35.25  31.308953  27.135114   -100 -100.00 -100.00 -100.00
  98    50.088 55627.06694806 38.24  31.310133  27.137545  7.330 -100.00 -100.00 -100.00
  98    50.092 55627.06694865 36.53  31.311312  27.139976   -100 -100.00 -100.00 -100.00
  99    50.313 55636.98259952 50.22  31.308951  27.139506   -100 -100.00 -100.00 -100.00
  99    50.180 55636.98260011 53.67  31.310130  27.141938   -100 -100.00 -100.00 -100.00
 100    50.447 55646.89824861 49.66  31.308774  27.139380   -100 -100.00 -100.00 -100.00
 100    50.199 55646.89824920 52.54  31.309953  27.141811 14.424 -100.00 -100.00 -100.00
 101    50.086 55656.81389478 49.55  31.308656  27.138476 14.106 -100.00 -100.00 -100.00
 101    50.371 55656.81389537 50.62  31.309835  27.140907   -100 -100.00 -100.00 -100.00
 103    50.284 55676.64517688 40.52  31.308376  27.140595 11.896 -100.00 -100.00 -100.00
 103    50.470 55676.64517747 43.59  31.309555  27.143026 27.902 -100.00 -100.00 -100.00
 104    50.653 55686.56081490 49.53  31.308251  27.141288  8.676 -100.00 -100.00 -100.00
 104    50.474 55686.56081549 50.65  31.309430  27.143719 16.726 -100.00 -100.00 -100.00
 106    50.790 55706.39208554 49.66  31.308997  27.132994 15.436 -100.00 -100.00 -100.00
 106    50.710 55706.39208613 50.73  31.310176  27.135425 19.210 -100.00 -100.00 -100.00
 106    50.664 55706.39208672 52.68  31.311355  27.137856 20.857 -100.00 -100.00 -100.00
 107    51.058 55716.30773597 41.30  31.309110  27.135477  3.444 -100.00 -100.00 -100.00
 107    52.351 55716.30773656 34.59  31.310289  27.137908   -100 -100.00 -100.00 -100.00
 107    51.127 55716.30773715 45.76  31.311469  27.140339 28.196 -100.00 -100.00 -100.00
 108    51.362 55726.22338549 40.90  31.308564  27.139955  4.195 -100.00 -100.00 -100.00
 108    51.258 55726.22338608 47.77  31.309743  27.142386   -100 -100.00 -100.00 -100.00
 109    50.987 55736.13903255 48.86  31.306887  27.142539 26.518 -100.00 -100.00 -100.00
 109    51.281 55736.13903314 47.09  31.308066  27.144970   -100 -100.00 -100.00 -100.00
 111    51.376 55755.97032175 50.68  31.306663  27.145190   -100 -100.00 -100.00 -100.00
 111    51.163 55755.97032234 52.68  31.307843  27.147621 20.764 -100.00 -100.00 -100.00
 113    50.916 55775.80159934 46.69  31.309235  27.136491   -100 -100.00 -100.00 -100.00
 113    50.906 55775.80159993 46.64  31.310414  27.138922 13.165 -100.00 -100.00 -100.00
 114    51.153 55785.71723422 51.51  31.309751  27.133598   -100 -100.00 -100.00 -100.00
 114    50.972 55785.71723481 51.75  31.310931  27.136028 27.922 -100.00 -100.00 -100.00
 114    50.899 55785.71723540 54.81  31.312110  27.138459   -100 -100.00 -100.00 -100.00
 115    51.102 55795.63286731 47.78  31.308963  27.130970   -100 -100.00 -100.00 -100.00
 115    50.875 55795.63286790 48.76  31.310142  27.133401   -100 -100.00 -100.00 -100.00
 115    50.794 55795.63286849 49.86  31.311321  27.135831   -100 -100.00 -100.00 -100.00
 115    50.763 55795.63286908 46.81  31.312500  27.138262 13.569 -100.00 -100.00 -100.00
 116    50.464 55805.54850758 42.65  31.308814  27.132317 23.402 -100.00 -100.00 -100.00
 116    50.404 55805.54850817 39.90  31.309993  27.134748  5.781 -100.00 -100.00 -100.00
 116    52.801 55805.54850876 32.74  31.311172  27.137179 28.365 -100.00 -100.00 -100.00
 116    50.395 55805.54850935 39.90  31.312351  27.139610  9.917 -100.00 -100.00 -100.00
 117    50.364 55815.46415838 36.02  31.309737  27.137674   -100 -100.00 -100.00 -100.00
 117    50.164 55815.46415897 43.62  31.310916  27.140104 17.066 -100.00 -100.00 -100.00
 118    49.915 55825.37980488 39.00  31.309383  27.135269   -100 -100.00 -100.00 -100.00
 118    49.627 55825.37980548 42.68  31.310562  27.137700 28.624 -100.00 -100.00 -100.00
 118    49.879 55825.37980607 38.88  31.311741  27.140131   -100 -100.00 -100.00 -100.00
 119    49.759 55835.29544651 40.10  31.308895  27.131437   -100 -100.00 -100.00 -100.00
 119    49.505 55835.29544710 43.01  31.310074  27.133868 21.627 -100.00 -100.00 -100.00
 119    49.821 55835.29544769 44.45  31.311253  27.136298   -100 -100.00 -100.00 -100.00
 119    49.888 55835.29544828 44.17  31.312432  27.138729   -100 -100.00 -100.00 -100.00
 120    49.595 55845.21108493 40.30  31.308846  27.129959 16.902 -100.00 -100.00 -100.00
 120    49.589 55845.21108552 43.09  31.310025  27.132390   -100 -100.00 -100.00 -100.00
 120    49.705 55845.21108611 43.64  31.311204  27.134821 30.330 -100.00 -100.00 -100.00
 120    49.882 55845.21108670 42.60  31.312383  27.137252   -100 -100.00 -100.00 -100.00
 121    49.970 55855.12672090 37.92  31.309552  27.131114   -100 -100.00 -100.00 -100.00
 121    49.668 55855.12672149 39.34  31.310731  27.133545 20.868 -100.00 -100.00 -100.00
 121    49.826 55855.12672208 42.55  31.311911  27.135975 21.800 -100.00 -100.00 -100.00
 121    49.758 55855.12672267 35.83  31.313090  27.138406   -100 -100.00 -100.00 -100.00
 122    49.811 55865.04236145 46.87  31.309709  27.134122  5.524 -100.00 -100.00 -100.00
 122    49.991 55865.04236204 47.60  31.310888  27.136553   -100 -100.00 -100.00 -100.00
 122    49.734 55865.04236263 44.26  31.312067  27.138984  5.490 -100.00 -100.00 -100.00
 133    49.986 55974.11445124 49.38  31.308073  27.141211   -100 -100.00 -100.00 -100.00
 133    49.665 55974.11445183 50.85  31.309253  27.143642 27.487 -100.00 -100.00 -100.00
 135    49.884 55993.94571904 39.61  31.309367  27.133026 17.539 -100.00 -100.00 -100.00
 135    50.073 55993.94571963 39.94  31.310547  27.135457   -100 -100.00 -100.00 -100.00
 135    49.806 55993.94572022 38.96  31.311726  27.137889  5.795 -100.00 -100.00 -100.00
 136    49.961 56003.86136916 39.97  31.308554  27.132631   -100 -100.00 -100.00 -100.00
 136    49.688 56003.86136975 38.00  31.309733  27.135062  1.300 -100.00 -100.00 -100.00
 136    49.766 56003.86137034 37.26  31.310912  27.137493   -100 -100.00 -100.00 -100.00
 136    52.672 56003.86137093 34.64  31.312091  27.139925   -100 -100.00 -100.00 -100.00
 137    50.057 56013.77701830 45.90  31.308751  27.135539   -100 -100.00 -100.00 -100.00
 137    49.799 56013.77701889 46.88  31.309930  27.137970 24.859 -100.00 -100.00 -100.00
 137    50.164 56013.77701949 47.77  31.311110  27.140401   -100 -100.00 -100.00 -100.00
 139    49.844 56033.60830837 38.02  31.307109  27.142387  0.265 -100.00 -100.00 -100.00
 139    49.917 56033.60830896 39.36  31.308289  27.144818 12.257 -100.00 -100.00 -100.00
 141    50.562 56053.43958823 48.13  31.307153  27.141212   -100 -100.00 -100.00 -100.00
 141    50.762 56053.43958882 49.88  31.308333  27.143643  1.096 -100.00 -100.00 -100.00
 142    50.636 56063.35522323 39.67  31.309171  27.138397   -100 -100.00 -100.00 -100.00
 142    50.482 56063.35522382 44.81  31.310350  27.140828   -100 -100.00 -100.00 -100.00
 143    50.833 56073.27086466 48.53  31.309167  27.135905   -100 -100.00 -100.00 -100.00
 143    50.612 56073.27086525 50.02  31.310346  27.138336 29.816 -100.00 -100.00 -100.00
 149    51.162 56132.76470957 46.00  31.309231  27.132217 29.073 -100.00 -100.00 -100.00
 149    51.047 56132.76471016 46.46  31.310410  27.134648   -100 -100.00 -100.00 -100.00
 149    51.195 56132.76471075 46.77  31.311589  27.137079  5.638 -100.00 -100.00 -100.00
 149    50.973 56132.76471134 43.63  31.312768  27.139510  7.678 -100.00 -100.00 -100.00
 150    50.987 56142.68034662 38.87  31.309596  27.130211  4.090 -100.00 -100.00 -100.00
 150    51.232 56142.68034721 36.74  31.310775  27.132641   -100 -100.00 -100.00 -100.00
 150    51.427 56142.68034780 32.52  31.311954  27.135072 30.373 -100.00 -100.00 -100.00
 150    51.060 56142.68034839 36.10  31.313133  27.137503   -100 -100.00 -100.00 -100.00
 152    50.982 56162.51164894 42.92  31.307803  27.140344  7.125 -100.00 -100.00 -100.00
 152    50.818 56162.51164953 38.97  31.308982  27.142775  4.481 -100.00 -100.00 -100.00
 154    50.442 56182.34293923 49.74  31.308345  27.139621   -100 -100.00 -100.00 -100.00
 154    50.356 56182.34293982 49.93  31.309524  27.142052  7.858 -100.00 -100.00 -100.00
 155    49.692 56192.25857796 38.24  31.309115  27.138363  6.685 -100.00 -100.00 -100.00
 155    49.837 56192.25857855 38.47  31.310294  27.140794   -100 -100.00 -100.00 -100.00
 156    49.858 56202.17421365 47.91  31.308913  27.136763   -100 -100.00 -100.00 -100.00
 156    49.537 56202.17421425 50.01  31.310092  27.139194 21.991 -100.00 -100.00 -100.00
 157    49.994 56212.08984681 46.78  31.308423  27.133299   -100 -100.00 -100.00 -100.00
 157    50.121 56212.08984740 50.00  31.309602  27.135730   -100 -100.00 -100.00 -100.00
 157    49.788 56212.08984799 49.38  31.310781  27.138161   -100 -100.00 -100.00 -100.00
 158    50.057 56222.00547815 45.77  31.309664  27.130187   -100 -100.00 -100.00 -100.00
 158    50.300 56222.00547874 49.89  31.310843  27.132618   -100 -100.00 -100.00 -100.00
 158    49.807 56222.00547933 53.05  31.312021  27.135049 32.624 -100.00 -100.00 -100.00
 158    50.083 56222.00547992 53.05  31.313200  27.137480   -100 -100.00 -100.00 -100.00
 159    50.041 56231.92113333 48.96  31.309192  27.135590 22.039 -100.00 -100.00 -100.00
 159    50.434 56231.92113392 49.90  31.310371  27.138021   -100 -100.00 -100.00 -100.00
 162    49.039 56261.66807892 41.33  31.307509  27.142281  0.363 -100.00 -100.00 -100.00
 162    49.064 56261.66807951 42.63  31.308688  27.144712 12.201 -100.00 -100.00 -100.00
 166    49.242 56301.33066345 30.82  31.306980  27.144693   -100 -100.00 -100.00 -100.00
 166    51.347 56301.33066404 32.72  31.308160  27.147124   -100 -100.00 -100.00 -100.00
 167    49.193 56311.24630712 43.69  31.306611  27.144211  4.059 -100.00 -100.00 -100.00
 167    49.275 56311.24630771 45.82  31.307790  27.146642  0.882 -100.00 -100.00 -100.00
 169    50.411 56331.07758863 44.57  31.306286  27.143288 25.417 -100.00 -100.00 -100.00
 169    50.202 56331.07758922 47.76  31.307466  27.145719   -100 -100.00 -100.00 -100.00
 172    50.028 56360.82450224 47.82  31.308752  27.132625   -100 -100.00 -100.00 -100.00
 172    49.825 56360.82450283 50.04  31.309931  27.135056 12.361 -100.00 -100.00 -100.00
 172    50.061 56360.82450342 50.09  31.311111  27.137487   -100 -100.00 -100.00 -100.00
 172    49.714 56360.82450401 52.16  31.312290  27.139918   -100 -100.00 -100.00 -100.00
 173    50.037 56370.74015292 40.40  31.308555  27.138649   -100 -100.00 -100.00 -100.00
 173    49.827 56370.74015351 46.15  31.309734  27.141080   -100 -100.00 -100.00 -100.00
 175    49.923 56390.57144626 31.88  31.305563  27.146204   -100 -100.00 -100.00 -100.00
 175    52.911 56390.57144685 33.11  31.306743  27.148635   -100 -100.00 -100.00 -100.00
 176    49.935 56400.48708970 33.73  31.305969  27.146098   -100 -100.00 -100.00 -100.00
 176    53.436 56400.48709029 32.64  31.307149  27.148529   -100 -100.00 -100.00 -100.00
 177    50.738 56410.40273006 49.96  31.307070  27.143705  4.547 -100.00 -100.00 -100.00
 177    50.848 56410.40273065 51.91  31.308249  27.146136  6.052 -100.00 -100.00 -100.00
 179    50.136 56430.23400161 42.61  31.309231  27.137058 26.552 -100.00 -100.00 -100.00
 179    50.444 56430.23400220 44.67  31.310410  27.139490   -100 -100.00 -100.00 -100.00
 180    50.845 56440.14965549 51.06  31.307066  27.142774 11.056 -100.00 -100.00 -100.00
 180    50.755 56440.14965608 52.52  31.308245  27.145205   -100 -100.00 -100.00 -100.00
 181    51.276 56450.06530624 48.11  31.305554  27.145655   -100 -100.00 -100.00 -100.00
 181    51.060 56450.06530683 50.20  31.306733  27.148086 17.366 -100.00 -100.00 -100.00
 182    51.133 56459.98095417 38.40  31.305349  27.145218   -100 -100.00 -100.00 -100.00
 182    50.929 56459.98095476 37.10  31.306528  27.147649   -100 -100.00 -100.00 -100.00
 183    51.020 56469.89659900 51.22  31.306635  27.145165 22.135 -100.00 -100.00 -100.00
 183    50.973 56469.89659959 53.15  31.307814  27.147596 21.373 -100.00 -100.00 -100.00
 184    51.195 56479.81223937 49.16  31.306803  27.142066   -100 -100.00 -100.00 -100.00
 184    50.999 56479.81223996 53.24  31.307982  27.144497   -100 -100.00 -100.00 -100.00
 185    50.936 56489.72787628 50.21  31.307586  27.140426 20.624 -100.00 -100.00 -100.00
 185    51.214 56489.72787687 51.20  31.308765  27.142857   -100 -100.00 -100.00 -100.00
 187    51.328 56509.55914375 45.29  31.308946  27.133109   -100 -100.00 -100.00 -100.00
 187    51.275 56509.55914434 38.70  31.310125  27.135540   -100 -100.00 -100.00 -100.00
 187    51.220 56509.55914493 39.91  31.311304  27.137971   -100 -100.00 -100.00 -100.00
 188    51.289 56519.47478555 37.21  31.309841  27.131864   -100 -100.00 -100.00 -100.00
 188    51.140 56519.47478614 36.46  31.311020  27.134294   -100 -100.00 -100.00 -100.00
 188    51.028 56519.47478673 41.18  31.312199  27.136725  9.650 -100.00 -100.00 -100.00
 188    52.794 56519.47478732 34.75  31.313378  27.139156 32.668 -100.00 -100.00 -100.00
 189    50.782 56529.39044031 46.17  31.309335  27.135415 11.019 -100.00 -100.00 -100.00
 189    50.978 56529.39044090 45.36  31.310514  27.137846   -100 -100.00 -100.00 -100.00
 190    50.494 56539.30609094 40.84  31.309378  27.138690  3.675 -100.00 -100.00 -100.00
 190    50.629 56539.30609153 39.14  31.310557  27.141121   -100 -100.00 -100.00 -100.00
 191    50.173 56549.22173667 48.15  31.307879  27.140132   -100 -100.00 -100.00 -100.00
 191    49.984 56549.22173726 50.13  31.309059  27.142563 12.323 -100.00 -100.00 -100.00
 192    49.991 56559.13738011 44.85  31.306525  27.143084   -100 -100.00 -100.00 -100.00
 192    49.607 56559.13738070 48.14  31.307704  27.145514 20.997 -100.00 -100.00 -100.00
 193    49.808 56569.05302225 46.07  31.306162  27.144760   -100 -100.00 -100.00 -100.00
 193    49.787 56569.05302284 49.13  31.307341  27.147191   -100 -100.00 -100.00 -100.00
 196    49.841 56598.79994187 50.16  31.309301  27.135890   -100 -100.00 -100.00 -100.00
 196    49.342 56598.79994246 52.32  31.310480  27.138321   -100 -100.00 -100.00 -100.00
 199    49.464 56628.54688382 44.69  31.306060  27.144105 28.359 -100.00 -100.00 -100.00
 199    48.866 56628.54688441 47.97  31.307239  27.146536  3.728 -100.00 -100.00 -100.00
 205    49.316 56688.04075620 43.64  31.305361  27.144960   -100 -100.00 -100.00 -100.00
 205    49.473 56688.04075679 45.84  31.306540  27.147391   -100 -100.00 -100.00 -100.00
 206    49.540 56697.95639690 47.25  31.306706  27.143034   -100 -100.00 -100.00 -100.00
 206    49.606 56697.95639749 50.35  31.307886  27.145466   -100 -100.00 -100.00 -100.00
 208    50.253 56717.78766845 48.27  31.309376  27.134185   -100 -100.00 -100.00 -100.00
 208    49.958 56717.78766904 51.38  31.310555  27.136617 30.158 -100.00 -100.00 -100.00
 208    50.100 56717.78766963 51.94  31.311734  27.139048  6.738 -100.00 -100.00 -100.00
 211    49.887 56747.53461773 46.07  31.303824  27.148041   -100 -100.00 -100.00 -100.00
 211    50.202 56747.53461832 47.20  31.305003  27.150473   -100 -100.00 -100.00 -100.00
 212    49.659 56757.45025855 33.92  31.305390  27.146577   -100 -100.00 -100.00 -100.00
 212    53.509 56757.45025914 30.52  31.306570  27.149008 30.104 -100.00 -100.00 -100.00
 213    50.070 56767.36589259 39.66  31.307915  27.140368   -100 -100.00 -100.00 -100.00
 213    49.796 56767.36589318 34.82  31.309095  27.142800   -100 -100.00 -100.00 -100.00
 215    50.089 56787.19719385 47.33  31.306529  27.145415   -100 -100.00 -100.00 -100.00
 215    49.871 56787.19719444 50.39  31.307709  27.147846 20.347 -100.00 -100.00 -100.00
 217    51.681 56807.02849397 46.20  31.302179  27.151253 23.557 -100.00 -100.00 -100.00
 217    50.930 56807.02849456 50.22  31.303359  27.153684  4.455 -100.00 -100.00 -100.00
 219    51.719 56826.85977107 32.86  31.305914  27.143948   -100 -100.00 -100.00 -100.00
 219    52.299 56826.85977166 31.42  31.307093  27.146379   -100 -100.00 -100.00 -100.00
 221    51.272 56846.69103431 48.03  31.308645  27.131956   -100 -100.00 -100.00 -100.00
 221    51.246 56846.69103490 49.41  31.309825  27.134387   -100 -100.00 -100.00 -100.00
 221    51.140 56846.69103549 50.17  31.311004  27.136818  1.270 -100.00 -100.00 -100.00
 221    51.053 56846.69103608 52.44  31.312183  27.139248 28.526 -100.00 -100.00 -100.00
 222    50.934 56856.60668590 41.29  31.308809  27.139445 22.212 -100.00 -100.00 -100.00
 222    50.896 56856.60668649 40.98  31.309988  27.141876  5.813 -100.00 -100.00 -100.00
 224    51.094 56876.43799304 45.92  31.306415  27.145597  6.873 -100.00 -100.00 -100.00
 224    51.052 56876.43799363 49.44  31.307594  27.148028   -100 -100.00 -100.00 -100.00
 226    51.327 56896.26928868 47.40  31.305166  27.145586   -100 -100.00 -100.00 -100.00
 226    51.069 56896.26928927 49.41  31.306345  27.148017 26.102 -100.00 -100.00 -100.00
 229    49.561 56926.01621225 43.32  31.303796  27.148496 25.013 -100.00 -100.00 -100.00
 229    49.578 56926.01621285 44.31  31.304975  27.150927 18.365 -100.00 -100.00 -100.00
 230    50.275 56935.93184727 43.91  31.305669  27.144453 29.790 -100.00 -100.00 -100.00
 230    49.913 56935.93184786 47.39  31.306848  27.146884   -100 -100.00 -100.00 -100.00
 231    50.058 56945.84747676 49.36  31.309629  27.138152   -100 -100.00 -100.00 -100.00
 231    49.723 56945.84747735 51.54  31.310808  27.140582 28.693 -100.00 -100.00 -100.00
 232    49.655 56955.76312879 48.28  31.308862  27.138510 13.672 -100.00 -100.00 -100.00
 232    49.912 56955.76312938 51.40  31.310041  27.140941   -100 -100.00 -100.00 -100.00
 234    49.824 56975.59442440 45.07  31.306873  27.145150   -100 -100.00 -100.00 -100.00
 234    49.881 56975.59442499 48.07  31.308053  27.147580   -100 -100.00 -100.00 -100.00
 235    49.407 56985.51006524 33.14  31.306882  27.145500   -100 -100.00 -100.00 -100.00
 235    52.373 56985.51006583 33.43  31.308061  27.147931   -100 -100.00 -100.00 -100.00
 236    48.610 56995.42569959 47.52  31.308135  27.139717 30.560 -100.00 -100.00 -100.00
 236    48.676 56995.42570018 45.77  31.309314  27.142148 11.486 -100.00 -100.00 -100.00
 237    48.771 57005.34134115 40.03  31.309202  27.135166 20.070 -100.00 -100.00 -100.00
 237    52.402 57005.34134174 35.83  31.310381  27.137597   -100 -100.00 -100.00 -100.00
 237    48.990 57005.34134233 37.25  31.311561  27.140028   -100 -100.00 -100.00 -100.00
 238    48.919 57015.25699735 43.69  31.308757  27.139045  1.644 -100.00 -100.00 -100.00
 238    49.166 57015.25699794 44.22  31.309936  27.141476   -100 -100.00 -100.00 -100.00
 239    48.618 57025.17264854 45.12  31.307091  27.141706  6.052 -100.00 -100.00 -100.00
 239    48.381 57025.17264913 44.06  31.308270  27.144137   -100 -100.00 -100.00 -100.00
 240    49.573 57035.08829760 43.96  31.306188  27.145672 31.262 -100.00 -100.00 -100.00
 240    49.128 57035.08829819 46.08  31.307367  27.148103   -100 -100.00 -100.00 -100.00
 241    49.171 57045.00394337 44.95  31.305795  27.146230 30.349 -100.00 -100.00 -100.00
 241    48.829 57045.00394396 49.38  31.306974  27.148661   -100 -100.00 -100.00 -100.00
 242    49.105 57054.91958583 47.02  31.306759  27.144862   -100 -100.00 -100.00 -100.00
 242    49.074 57054.91958642 50.18  31.307939  27.147293   -100 -100.00 -100.00 -100.00
 243    49.791 57064.83522305 41.35  31.308276  27.141375   -100 -100.00 -100.00 -100.00
 243    49.472 57064.83522364 46.48  31.309455  27.143806 31.334 -100.00 -100.00 -100.00
 244    50.467 57074.75085581 48.34  31.309739  27.138551   -100 -100.00 -100.00 -100.00
 244    50.181 57074.75085640 51.45  31.310918  27.140982 15.272 -100.00 -100.00 -100.00
 245    49.973 57084.66648467 40.47  31.309604  27.132319 18.474 -100.00 -100.00 -100.00
 245    49.936 57084.66648526 40.90  31.310783  27.134750 12.377 -100.00 -100.00 -100.00
 245    50.077 57084.66648585 38.86  31.311962  27.137181   -100 -100.00 -100.00 -100.00
 245    53.618 57084.66648644 33.02  31.313141  27.139612   -100 -100.00 -100.00 -100.00
 246    49.874 57094.58213957 39.23  31.308076  27.139460  2.457 -100.00 -100.00 -100.00
 246    49.861 57094.58214016 39.62  31.309255  27.141892 16.384 -100.00 -100.00 -100.00
 247    49.778 57104.49779739 39.33  31.305900  27.145207   -100 -100.00 -100.00 -100.00
 247    49.928 57104.49779798 38.69  31.307079  27.147639   -100 -100.00 -100.00 -100.00
 248    49.838 57114.41345046 38.60  31.305567  27.147524   -100 -100.00 -100.00 -100.00
 248    49.966 57114.41345105 44.42  31.306746  27.149956 13.908 -100.00 -100.00 -100.00
 249    52.745 57124.32909653 34.46  31.305932  27.145823   -100 -100.00 -100.00 -100.00
 249    53.322 57124.32909712 30.64  31.307112  27.148254 23.612 -100.00 -100.00 -100.00
 250    51.039 57134.24473726 48.49  31.306829  27.144683   -100 -100.00 -100.00 -100.00
 250    51.067 57134.24473785 50.28  31.308009  27.147114   -100 -100.00 -100.00 -100.00
