# NaN NaN NaN ;Mean Elev.(m), Avg Gradient(m/km), RMS Gradient(m/km) - SRTM1     
#   59.500   0.217   1.149 ;Mean Elev.(m), Avg Gradient(m/km), RMS Gradient(m/km) - ASTER GDEM
#   38.643   0.268   1.216 ;Mean Elev.(m), Avg Gradient(m/km), RMS Gradient(m/km) - GMTED2010 
   1  30.853129  27.574284    41.850    41.850  2 54662.69909676 49.365
   2  30.851479  27.574036   168.786   168.786  2 54672.61474141  4.130
   3  30.851616  27.572652   -35.968   -35.968  2 54682.53038523  3.393
   4  30.852507  27.574680   168.762   168.707  3 54692.44602736  5.107
   7  30.851800  27.573190   162.733   169.371  3 54722.19296753  4.152
   8  30.849176  27.568466   170.695   170.695  2 54732.10861674  4.648
   9  30.847282  27.565737   171.215   171.215  2 54742.02426381  5.278
  10  30.846533  27.566012   170.850   170.850  2 54751.93991007  3.890
  11  30.847100  27.566328   171.972   171.972  2 54761.85555614  4.163
  17  30.852934  27.574561   169.299   169.299  2 54821.34939433  4.302
  18  30.851241  27.573636   168.734   168.734  2 54831.26504699  5.174
  21  30.847382  27.566194    39.682    39.682  2 54861.01198497 45.259
  22  30.847100  27.565927   171.685   171.685  2 54870.92763347  4.020
  24  30.846886  27.566745   170.645   170.645  2 54890.75892389  3.573
  25  30.846643  27.564419   171.703   171.703  2 54900.67456509  4.799
  26  30.845482  27.564560    40.236    40.197  3 54910.59020399 36.459
  27  30.846004  27.564971    40.099    40.044  3 54920.50584199 38.419
  29  30.850232  27.569901    40.765    40.765  2 54940.33711564 42.195
  30  30.851404  27.573921    40.820    40.820  2 54950.25274983 46.426
  31  30.851957  27.573563   169.313   169.313  2 54960.16838966  4.564
  32  30.850916  27.571380   169.636   169.636  2 54970.08403865  4.900
  33  30.850742  27.570526   170.998   170.998  2 54979.99968601  4.716
  34  30.850445  27.570980   170.437   170.437  2 54989.91533274  4.421
  39  30.850349  27.569845   171.333   171.333  2 55039.49355212  3.967
  40  30.851496  27.572373    41.347    41.347  2 55049.40919241 33.356
  41  30.852623  27.574571   169.251   169.251  2 55059.32483073  4.444
  42  30.852651  27.574252   169.290   169.410  3 55069.24047077  4.705
  49  30.848041  27.566913   171.031   171.031  2 55138.64998626  4.209
  52  30.852060  27.573263   169.738   169.738  2 55168.39690071  3.857
  54  30.852807  27.574204   169.286   169.286  2 55188.22818364  5.340
  58  30.848405  27.568023    39.347    39.347  2 55227.89078290 44.222
  60  30.846887  27.566676    39.716    39.716  2 55247.72207022 38.732
  61  30.845638  27.565536   170.733   170.733  2 55257.63770987  4.712
  62  30.845835  27.564788   171.630   171.638  3 55267.55334895  3.935
  65  30.851651  27.572690   169.452   169.452  2 55297.30025928  4.695
  66  30.851777  27.571556   170.566   170.566  2 55307.21590137  4.922
  68  30.848230  27.568053    40.395    40.395  2 55327.04719385 37.523
  71  30.851149  27.570679   171.249   171.249  2 55356.79412344  4.113
  74  30.851360  27.573251   169.056   169.056  2 55386.54103988  4.720
  75  30.853882  27.573835   170.006   170.006  2 55396.45667729  5.025
  77  30.852778  27.574417   169.201   169.527  3 55416.28797047  4.556
  79  30.848132  27.567647   170.594   170.594  2 55436.11926478  4.758
  81  30.847783  27.566479    39.899    39.899  2 55455.95055156 35.977
  84  30.851708  27.571605   170.562   170.562  2 55485.69746804  3.611
  85  30.851766  27.572221   169.724   169.724  2 55495.61310196  5.030
  86  30.852293  27.574058   169.286   169.286  2 55505.52873599  4.421
  87  30.851080  27.573676   168.705   168.705  2 55515.44438680  4.945
  88  30.851577  27.573384   169.196   169.196  2 55525.36003693  4.161
  91  30.849036  27.568391   171.199   171.199  2 55555.10697575  3.754
  94  30.851225  27.570933   169.781   169.781  2 55584.85390072  4.649
  95  30.851759  27.573189   169.079   169.150  3 55594.76953735  5.194
  96  30.852127  27.573868   169.267   169.267  2 55604.68517102  4.849
  97  30.852947  27.574313   169.361   169.361  2 55614.60080295  4.252
  98  30.853049  27.575109   169.170   169.170  2 55624.51644216  4.955
  99  30.851712  27.573302   169.282   169.282  2 55634.43209533  4.146
 103  30.849307  27.568976    39.975    39.975  2 55674.09467813 38.551
 105  30.851715  27.571231   169.894   169.894  2 55693.92595303  4.977
 108  30.852831  27.574321   169.321   169.421  3 55723.67288179  4.744
 115  30.851809  27.573304   169.309   169.408  3 55793.08237127  4.559
 117  30.852836  27.574845   169.266   169.266  2 55812.91365520  4.743
 118  30.853249  27.573533   169.864   169.864  2 55822.82930313  4.417
 119  30.853381  27.573548   170.062   170.062  2 55832.74494599  4.315
 120  30.852989  27.574789   169.246   169.246  2 55842.66058431  5.165
 123  30.852723  27.574468   169.240   169.282  3 55872.40750977  5.604
 136  30.853870  27.574065   170.215   170.215  2 56001.31086731  4.750
 141  30.851320  27.570822   170.573   170.573  2 56050.88908872  5.072
 142  30.853495  27.573672   170.108   170.108  2 56060.80472447  4.442
 144  30.852558  27.574086   169.437   169.437  2 56080.63601181  5.175
 148  30.851117  27.572037   169.914   169.914  2 56120.29857774  5.494
 149  30.851856  27.573205   169.089   169.089  2 56130.21421403  4.831
 150  30.852821  27.574479   169.364   169.364  2 56140.12984711  4.466
 157  30.852642  27.574217   169.373   169.419  3 56209.53934729  4.874
 161  30.851930  27.573093   169.430   169.430  2 56249.20193246  4.444
 162  30.851026  27.571568   169.800   169.800  2 56259.11757774  5.019
 163  30.851103  27.571782   169.695   169.695  2 56269.03321971  4.464
 164  30.852003  27.572162   169.892   169.892  2 56278.94885984  4.159
 167  30.848207  27.568075    39.195    39.195  2 56308.69580290 43.120
 169  30.848140  27.567536    39.516    39.516  2 56328.52708652 43.323
 171  30.851619  27.574479   168.961   168.782  3 56348.35836467  3.661
 173  30.850818  27.571401    40.131    40.131  2 56368.18965148 34.891
 175  30.847552  27.567512    40.369    40.369  2 56388.02094564 41.478
 177  30.851296  27.571515    40.370    40.370  2 56407.85222904 32.459
 178  30.852645  27.574369   169.358   169.358  2 56417.76786523  3.799
 180  30.851659  27.571832    40.973    40.973  2 56437.59915067 33.989
 183  30.848805  27.568565   170.773   170.773  2 56467.34609813  4.781
 187  30.852025  27.572630   169.630   169.630  2 56507.00864763  4.660
 190  30.852813  27.574244    40.420    40.420  2 56536.75558645 30.474
 194  30.851295  27.571770   169.751   169.751  2 56576.41816060  5.722
 197  30.852241  27.573875   169.251   169.251  2 56606.16509020  5.518
 198  30.850550  27.570055    39.931    39.931  2 56616.08073824 43.131
 201  30.852700  27.573666   169.343   169.343  2 56645.82766144  5.383
 207  30.851397  27.573743   168.795   168.795  2 56705.32153321  5.263
 211  30.847104  27.567148    40.170    40.170  2 56744.98411617 39.865
 213  30.852598  27.573618   169.490   169.686  3 56764.81539356  4.498
 215  30.850639  27.570215   170.382   170.382  2 56784.64668764  7.284
 216  30.847035  27.566612    40.938    40.938  2 56794.56234130 36.479
 217  30.845563  27.563938    41.470    41.470  2 56804.47799155 41.661
 221  30.851729  27.571542    41.500    41.500  2 56844.14053984 47.537
 223  30.849955  27.569877    41.355    41.355  2 56863.97183687 36.956
 227  30.847358  27.566066    40.881    40.881  2 56903.63442915 37.385
 228  30.846132  27.566627    40.155    40.155  2 56913.55007038 33.435
 229  30.847559  27.567162    39.618    39.618  2 56923.46571038 32.797
 231  30.854249  27.574378    39.856    39.856  2 56943.29697960 45.892
 232  30.854288  27.573907   170.387   170.387  2 56953.21262591  4.175
 233  30.851369  27.571331   170.363   170.363  2 56963.12827682  4.487
 236  30.851408  27.573500   169.068   169.068  2 56992.87519957  4.319
 238  30.851168  27.572497   168.991   168.991  2 57012.70649151  5.599
 239  30.849331  27.569298    39.009    39.009  2 57022.62214324 42.031
 244  30.852014  27.572386   169.648   169.648  2 57072.20035882  5.059
 246  30.853549  27.573703   170.003   170.003  2 57092.03163492  4.666
 247  30.851406  27.570935   170.104   170.104  2 57101.94729238  4.351
