# NaN NaN NaN ;Mean Elev.(m), Avg Gradient(m/km), RMS Gradient(m/km) - SRTM1     
#   59.500   0.217   1.149 ;Mean Elev.(m), Avg Gradient(m/km), RMS Gradient(m/km) - ASTER GDEM
#   38.643   0.268   1.216 ;Mean Elev.(m), Avg Gradient(m/km), RMS Gradient(m/km) - GMTED2010 
   1    42.062 54662.69909647 46.97  30.852534  27.575498   -100 -100.00 -100.00 -100.00
   1    41.638 54662.69909706 50.90  30.853724  27.573070  1.634 -100.00 -100.00 -100.00
   2   167.732 54672.61474112  4.14  30.850884  27.575250  3.798 -100.00 -100.00 -100.00
   2   169.840 54672.61474171  4.12  30.852074  27.572822  3.461 -100.00 -100.00 -100.00
   3   -34.625 54682.53038493  3.55  30.851021  27.573866  2.757 -100.00 -100.00 -100.00
   3   -37.312 54682.53038552  3.23  30.852211  27.571438  2.609 -100.00 -100.00 -100.00
   4   167.369 54692.44602677  4.66  30.851317  27.577109  4.254 -100.00 -100.00 -100.00
   4   168.707 54692.44602736  4.83  30.852507  27.574680  4.082 -100.00 -100.00 -100.00
   4   170.212 54692.44602795  5.75  30.853697  27.572252  5.144 -100.00 -100.00 -100.00
   7   147.723 54722.19296694  3.56  30.850609  27.575619  2.901 -100.00 -100.00 -100.00
   7   169.371 54722.19296753  4.48  30.851800  27.573190  5.143 -100.00 -100.00 -100.00
   7   171.105 54722.19296812  4.36  30.852990  27.570762  4.478 -100.00 -100.00 -100.00
   8   169.342 54732.10861644  4.81  30.848581  27.569680  3.308 -100.00 -100.00 -100.00
   8   172.048 54732.10861703  4.48  30.849771  27.567252  2.989 -100.00 -100.00 -100.00
   9   170.188 54742.02426352  5.44  30.846687  27.566952  3.729 -100.00 -100.00 -100.00
   9   172.242 54742.02426411  5.11  30.847877  27.564523  3.644 -100.00 -100.00 -100.00
  10   169.699 54751.93990978  4.24  30.845938  27.567227  3.403 -100.00 -100.00 -100.00
  10   172.001 54751.93991037  3.51  30.847128  27.564798  2.892 -100.00 -100.00 -100.00
  11   170.904 54761.85555584  3.69  30.846505  27.567542  3.286 -100.00 -100.00 -100.00
  11   173.041 54761.85555643  4.59  30.847695  27.565114  3.225 -100.00 -100.00 -100.00
  17   168.400 54821.34939403  4.42  30.852339  27.575775  3.353 -100.00 -100.00 -100.00
  17   170.199 54821.34939462  4.18  30.853529  27.573347  3.438 -100.00 -100.00 -100.00
  18   167.933 54831.26504670  4.81  30.850646  27.574851  3.781 -100.00 -100.00 -100.00
  18   169.535 54831.26504729  5.51  30.851836  27.572422  4.517 -100.00 -100.00 -100.00
  21    40.039 54861.01198467 41.80  30.846787  27.567409 20.432 -100.00 -100.00 -100.00
  21    39.325 54861.01198526 47.16  30.847977  27.564980   -100 -100.00 -100.00 -100.00
  22   170.192 54870.92763317  4.02  30.846505  27.567141  4.199 -100.00 -100.00 -100.00
  22   173.178 54870.92763376  4.02  30.847695  27.564713  3.431 -100.00 -100.00 -100.00
  24   169.584 54890.75892360  3.73  30.846291  27.567959  3.793 -100.00 -100.00 -100.00
  24   171.706 54890.75892419  3.41  30.847481  27.565531  3.077 -100.00 -100.00 -100.00
  25   170.676 54900.67456480  4.60  30.846048  27.565633  3.147 -100.00 -100.00 -100.00
  25   172.730 54900.67456539  4.99  30.847238  27.563205  3.334 -100.00 -100.00 -100.00
  26    40.352 54910.59020340 36.09  30.844292  27.566988   -100 -100.00 -100.00 -100.00
  26    40.159 54910.59020399 34.71  30.845482  27.564560   -100 -100.00 -100.00 -100.00
  26    40.197 54910.59020458 37.96  30.846672  27.562132   -100 -100.00 -100.00 -100.00
  27    40.281 54920.50584140 37.56  30.844814  27.567400   -100 -100.00 -100.00 -100.00
  27    40.044 54920.50584199 36.34  30.846004  27.564971   -100 -100.00 -100.00 -100.00
  27    39.971 54920.50584258 40.35  30.847194  27.562543  9.611 -100.00 -100.00 -100.00
  29    40.770 54940.33711535 39.35  30.849637  27.571115   -100 -100.00 -100.00 -100.00
  29    40.761 54940.33711594 43.90  30.850827  27.568687   -100 -100.00 -100.00 -100.00
  30    40.992 54950.25274954 43.64  30.850809  27.575135 27.032 -100.00 -100.00 -100.00
  30    40.647 54950.25275013 48.11  30.851999  27.572707   -100 -100.00 -100.00 -100.00
  31   168.525 54960.16838936  4.37  30.851362  27.574777  3.927 -100.00 -100.00 -100.00
  31   170.102 54960.16838995  4.75  30.852552  27.572349  4.333 -100.00 -100.00 -100.00
  32   169.014 54970.08403835  4.52  30.850321  27.572594  3.731 -100.00 -100.00 -100.00
  32   170.259 54970.08403894  5.25  30.851511  27.570166  4.460 -100.00 -100.00 -100.00
  33   169.791 54979.99968572  4.40  30.850147  27.571740  4.294 -100.00 -100.00 -100.00
  33   172.204 54979.99968631  5.01  30.851337  27.569312  4.858 -100.00 -100.00 -100.00
  34   170.132 54989.91533245  3.41  30.849850  27.572194  4.158 -100.00 -100.00 -100.00
  34   170.742 54989.91533304  5.24  30.851040  27.569766  6.028 -100.00 -100.00 -100.00
  39   170.246 55039.49355182  3.83  30.849754  27.571059  3.231 -100.00 -100.00 -100.00
  39   172.420 55039.49355242  4.10  30.850944  27.568631  3.502 -100.00 -100.00 -100.00
  40    41.354 55049.40919212 32.76  30.850901  27.573588   -100 -100.00 -100.00 -100.00
  40    41.340 55049.40919271 33.88  30.852091  27.571159   -100 -100.00 -100.00 -100.00
  41   168.352 55059.32483043  4.62  30.852028  27.575785  3.634 -100.00 -100.00 -100.00
  41   170.150 55059.32483102  4.26  30.853218  27.573357  3.081 -100.00 -100.00 -100.00
  42   167.652 55069.24047018  4.37  30.851460  27.576681  3.630 -100.00 -100.00 -100.00
  42   169.410 55069.24047077  4.29  30.852651  27.574252  3.371 -100.00 -100.00 -100.00
  42   170.807 55069.24047136  5.37  30.853841  27.571824  5.079 -100.00 -100.00 -100.00
  49   170.162 55138.64998596  3.43  30.847446  27.568127  3.107 -100.00 -100.00 -100.00
  49   171.901 55138.64998655  4.87  30.848636  27.565698  3.084 -100.00 -100.00 -100.00
  52   168.896 55168.39690042  3.73  30.851465  27.574478  3.401 -100.00 -100.00 -100.00
  52   170.581 55168.39690101  3.98  30.852655  27.572049  3.214 -100.00 -100.00 -100.00
  54   168.650 55188.22818334  4.90  30.852212  27.575418  3.260 -100.00 -100.00 -100.00
  54   169.922 55188.22818393  5.74  30.853402  27.572990  4.429 -100.00 -100.00 -100.00
  58    39.552 55227.89078260 41.13  30.847810  27.569237 29.433 -100.00 -100.00 -100.00
  58    39.142 55227.89078319 46.01  30.849000  27.566809   -100 -100.00 -100.00 -100.00
  60    39.670 55247.72206992 38.48  30.846292  27.567891   -100 -100.00 -100.00 -100.00
  60    39.762 55247.72207051 38.97  30.847482  27.565462   -100 -100.00 -100.00 -100.00
  61   169.625 55257.63770957  4.57  30.845043  27.566750  3.808 -100.00 -100.00 -100.00
  61   171.841 55257.63771016  4.85  30.846233  27.564322  3.056 -100.00 -100.00 -100.00
  62   169.139 55267.55334836  3.98  30.844645  27.567216  3.020 -100.00 -100.00 -100.00
  62   171.638 55267.55334895  3.77  30.845835  27.564788  2.875 -100.00 -100.00 -100.00
  62   174.114 55267.55334954  4.05  30.847025  27.562360  2.899 -100.00 -100.00 -100.00
  65   168.789 55297.30025899  4.48  30.851056  27.573904  3.355 -100.00 -100.00 -100.00
  65   170.115 55297.30025958  4.90  30.852246  27.571476  3.701 -100.00 -100.00 -100.00
  66   169.252 55307.21590107  4.59  30.851182  27.572770  3.691 -100.00 -100.00 -100.00
  66   171.880 55307.21590167  5.23  30.852372  27.570342  4.330 -100.00 -100.00 -100.00
  68    40.603 55327.04719355 35.29  30.847635  27.569267   -100 -100.00 -100.00 -100.00
  68    40.187 55327.04719414 38.99  30.848825  27.566839  3.075 -100.00 -100.00 -100.00
  71   170.057 55356.79412315  4.44  30.850554  27.571893  4.595 -100.00 -100.00 -100.00
  71   172.441 55356.79412374  3.76  30.851744  27.569465  3.180 -100.00 -100.00 -100.00
  74   168.218 55386.54103958  4.71  30.850765  27.574465  3.453 -100.00 -100.00 -100.00
  74   169.895 55386.54104017  4.73  30.851955  27.572037  3.729 -100.00 -100.00 -100.00
  75   169.157 55396.45667700  5.47  30.853287  27.575050  4.631 -100.00 -100.00 -100.00
  75   170.856 55396.45667759  4.53  30.854477  27.572621  3.097 -100.00 -100.00 -100.00
  77   167.225 55416.28796988  4.32  30.851587  27.576845  3.522 -100.00 -100.00 -100.00
  77   169.527 55416.28797047  4.47  30.852778  27.574417  4.009 -100.00 -100.00 -100.00
  77   170.851 55416.28797106  4.86  30.853968  27.571988  3.540 -100.00 -100.00 -100.00
  79   169.469 55436.11926448  4.59  30.847537  27.568862  3.141 -100.00 -100.00 -100.00
  79   171.718 55436.11926507  4.92  30.848727  27.566433  3.290 -100.00 -100.00 -100.00
  81    39.809 55455.95055126 35.58  30.847188  27.567694  2.462 -100.00 -100.00 -100.00
  81    39.989 55455.95055185 36.34  30.848378  27.565265   -100 -100.00 -100.00 -100.00
  84   169.106 55485.69746775  3.91  30.851113  27.572820  3.773 -100.00 -100.00 -100.00
  84   172.018 55485.69746834  3.29  30.852303  27.570391  3.908 -100.00 -100.00 -100.00
  85   168.973 55495.61310166  4.98  30.851171  27.573435  4.196 -100.00 -100.00 -100.00
  85   170.475 55495.61310225  5.08  30.852362  27.571006  4.329 -100.00 -100.00 -100.00
  86   168.492 55505.52873570  4.32  30.851698  27.575273  3.051 -100.00 -100.00 -100.00
  86   170.080 55505.52873629  4.52  30.852888  27.572844  3.899 -100.00 -100.00 -100.00
  87   167.722 55515.44438651  5.00  30.850485  27.574890  3.829 -100.00 -100.00 -100.00
  87   169.689 55515.44438710  4.89  30.851675  27.572462  3.601 -100.00 -100.00 -100.00
  88   168.332 55525.36003664  4.08  30.850982  27.574598  3.787 -100.00 -100.00 -100.00
  88   170.060 55525.36003723  4.24  30.852172  27.572170  3.638 -100.00 -100.00 -100.00
  91   170.207 55555.10697545  3.94  30.848441  27.569605  3.479 -100.00 -100.00 -100.00
  91   172.192 55555.10697604  3.56  30.849631  27.567177  3.219 -100.00 -100.00 -100.00
  94   168.929 55584.85390043  4.45  30.850630  27.572147  4.617 -100.00 -100.00 -100.00
  94   170.633 55584.85390102  4.84  30.851819  27.569719  4.237 -100.00 -100.00 -100.00
  95   167.187 55594.76953676  5.83  30.850569  27.575618  5.446 -100.00 -100.00 -100.00
  95   169.150 55594.76953735  4.70  30.851759  27.573189  3.798 -100.00 -100.00 -100.00
  95   170.899 55594.76953794  4.97  30.852949  27.570761  3.957 -100.00 -100.00 -100.00
  96   168.590 55604.68517073  4.65  30.851532  27.575082  3.527 -100.00 -100.00 -100.00
  96   169.944 55604.68517132  5.04  30.852722  27.572654  4.269 -100.00 -100.00 -100.00
  97   168.423 55614.60080265  4.49  30.852352  27.575527  4.289 -100.00 -100.00 -100.00
  97   170.299 55614.60080324  4.00  30.853542  27.573099  3.346 -100.00 -100.00 -100.00
  98   168.324 55624.51644186  5.01  30.852454  27.576323  3.831 -100.00 -100.00 -100.00
  98   170.017 55624.51644245  4.90  30.853644  27.573895  3.421 -100.00 -100.00 -100.00
  99   168.312 55634.43209504  4.06  30.851117  27.574516  3.589 -100.00 -100.00 -100.00
  99   170.252 55634.43209563  4.23  30.852307  27.572088  3.167 -100.00 -100.00 -100.00
 103    39.917 55674.09467783 36.36  30.848712  27.570191   -100 -100.00 -100.00 -100.00
 103    40.033 55674.09467842 40.00  30.849902  27.567762   -100 -100.00 -100.00 -100.00
 105   169.058 55693.92595274  4.64  30.851120  27.572445  4.209 -100.00 -100.00 -100.00
 105   170.729 55693.92595333  5.29  30.852310  27.570017  5.284 -100.00 -100.00 -100.00
 108   167.674 55723.67288120  4.63  30.851641  27.576750  3.893 -100.00 -100.00 -100.00
 108   169.421 55723.67288179  4.49  30.852831  27.574321  3.493 -100.00 -100.00 -100.00
 108   170.869 55723.67288238  5.09  30.854021  27.571893  4.264 -100.00 -100.00 -100.00
 115   167.613 55793.08237068  4.24  30.850619  27.575732  3.682 -100.00 -100.00 -100.00
 115   169.408 55793.08237127  5.11  30.851809  27.573304  4.430 -100.00 -100.00 -100.00
 115   170.905 55793.08237186  4.27  30.852999  27.570875  2.913 -100.00 -100.00 -100.00
 117   168.346 55812.91365491  4.90  30.852241  27.576059  4.287 -100.00 -100.00 -100.00
 117   170.186 55812.91365550  4.58  30.853432  27.573631  3.623 -100.00 -100.00 -100.00
 118   169.271 55822.82930283  4.29  30.852654  27.574747  3.127 -100.00 -100.00 -100.00
 118   170.457 55822.82930342  4.54  30.853845  27.572319  3.850 -100.00 -100.00 -100.00
 119   169.290 55832.74494570  4.36  30.852786  27.574763  3.451 -100.00 -100.00 -100.00
 119   170.834 55832.74494629  4.27  30.853976  27.572334  3.185 -100.00 -100.00 -100.00
 120   168.519 55842.66058402  5.22  30.852394  27.576003  3.820 -100.00 -100.00 -100.00
 120   169.973 55842.66058461  5.11  30.853584  27.573575  3.622 -100.00 -100.00 -100.00
 123   167.764 55872.40750918  5.51  30.851533  27.576897  4.595 -100.00 -100.00 -100.00
 123   169.282 55872.40750977  5.27  30.852723  27.574468  3.568 -100.00 -100.00 -100.00
 123   170.675 55872.40751036  6.00  30.853913  27.572040  4.229 -100.00 -100.00 -100.00
 136   169.545 56001.31086701  4.72  30.853275  27.575279  3.068 -100.00 -100.00 -100.00
 136   170.885 56001.31086760  4.78  30.854466  27.572851  2.864 -100.00 -100.00 -100.00
 141   168.904 56050.88908842  5.57  30.850725  27.572037  6.885 -100.00 -100.00 -100.00
 141   172.243 56050.88908901  4.51  30.851915  27.569608  3.721 -100.00 -100.00 -100.00
 142   169.390 56060.80472417  4.31  30.852900  27.574886  3.541 -100.00 -100.00 -100.00
 142   170.825 56060.80472476  4.57  30.854090  27.572458  3.212 -100.00 -100.00 -100.00
 144   168.720 56080.63601151  5.20  30.851963  27.575300  3.876 -100.00 -100.00 -100.00
 144   170.153 56080.63601210  5.15  30.853153  27.572872  3.826 -100.00 -100.00 -100.00
 148   168.975 56120.29857744  5.20  30.850522  27.573251  4.108 -100.00 -100.00 -100.00
 148   170.853 56120.29857803  5.77  30.851712  27.570823  4.489 -100.00 -100.00 -100.00
 149   168.071 56130.21421373  5.05  30.851261  27.574419  4.089 -100.00 -100.00 -100.00
 149   170.107 56130.21421432  4.60  30.852451  27.571991  3.428 -100.00 -100.00 -100.00
 150   168.556 56140.12984681  4.24  30.852226  27.575693  3.534 -100.00 -100.00 -100.00
 150   170.171 56140.12984740  4.68  30.853417  27.573265  4.092 -100.00 -100.00 -100.00
 157   167.807 56209.53934670  4.42  30.851452  27.576646  2.785 -100.00 -100.00 -100.00
 157   169.419 56209.53934729  4.78  30.852642  27.574217  3.706 -100.00 -100.00 -100.00
 157   170.894 56209.53934788  5.37  30.853833  27.571788  4.251 -100.00 -100.00 -100.00
 161   168.591 56249.20193217  4.15  30.851335  27.574307  3.255 -100.00 -100.00 -100.00
 161   170.268 56249.20193276  4.72  30.852525  27.571879  3.963 -100.00 -100.00 -100.00
 162   169.221 56259.11757744  4.24  30.850431  27.572782  3.176 -100.00 -100.00 -100.00
 162   170.379 56259.11757803  5.68  30.851621  27.570353  4.371 -100.00 -100.00 -100.00
 163   169.073 56269.03321941  3.62  30.850508  27.572996  3.899 -100.00 -100.00 -100.00
 163   170.318 56269.03322000  5.17  30.851698  27.570568  4.793 -100.00 -100.00 -100.00
 164   169.063 56278.94885955  4.35  30.851408  27.573376  4.099 -100.00 -100.00 -100.00
 164   170.721 56278.94886014  3.96  30.852598  27.570948  3.581 -100.00 -100.00 -100.00
 167    39.238 56308.69580260 40.56  30.847612  27.569289 32.501 -100.00 -100.00 -100.00
 167    39.153 56308.69580319 44.72  30.848802  27.566861   -100 -100.00 -100.00 -100.00
 169    39.300 56328.52708622 41.76  30.847545  27.568750   -100 -100.00 -100.00 -100.00
 169    39.731 56328.52708682 44.47  30.848735  27.566322 29.149 -100.00 -100.00 -100.00
 171   167.055 56348.35836408  3.87  30.850429  27.576908  3.858 -100.00 -100.00 -100.00
 171   168.782 56348.35836467  3.81  30.851619  27.574479  3.182 -100.00 -100.00 -100.00
 171   171.046 56348.35836526  3.28  30.852809  27.572051  3.090 -100.00 -100.00 -100.00
 173    40.104 56368.18965118 33.59  30.850223  27.572615 32.389 -100.00 -100.00 -100.00
 173    40.158 56368.18965177 35.89  30.851413  27.570187 31.809 -100.00 -100.00 -100.00
 175    40.548 56388.02094534 39.59  30.846957  27.568726 25.027 -100.00 -100.00 -100.00
 175    40.190 56388.02094593 42.79  30.848147  27.566298   -100 -100.00 -100.00 -100.00
 177    40.239 56407.85222874 32.03  30.850701  27.572729   -100 -100.00 -100.00 -100.00
 177    40.501 56407.85222933 32.85  30.851891  27.570301 29.957 -100.00 -100.00 -100.00
 178   168.504 56417.76786494  4.07  30.852050  27.575583  4.184 -100.00 -100.00 -100.00
 178   170.212 56417.76786553  3.51  30.853240  27.573155  3.066 -100.00 -100.00 -100.00
 180    40.763 56437.59915037 33.08  30.851064  27.573046   -100 -100.00 -100.00 -100.00
 180    41.183 56437.59915096 34.74  30.852254  27.570618   -100 -100.00 -100.00 -100.00
 183   169.712 56467.34609784  4.70  30.848210  27.569780  3.554 -100.00 -100.00 -100.00
 183   171.833 56467.34609843  4.86  30.849400  27.567351  3.540 -100.00 -100.00 -100.00
 187   168.740 56507.00864734  4.66  30.851430  27.573844  3.634 -100.00 -100.00 -100.00
 187   170.520 56507.00864793  4.66  30.852620  27.571416  3.712 -100.00 -100.00 -100.00
 190    40.349 56536.75558615 30.86  30.852218  27.575458 30.881 -100.00 -100.00 -100.00
 190    40.490 56536.75558674 30.05  30.853408  27.573030 25.145 -100.00 -100.00 -100.00
 194   168.349 56576.41816031  5.47  30.850700  27.572984  4.540 -100.00 -100.00 -100.00
 194   171.152 56576.41816090  5.96  30.851891  27.570556  4.776 -100.00 -100.00 -100.00
 197   168.436 56606.16508991  5.35  30.851646  27.575089  3.463 -100.00 -100.00 -100.00
 197   170.066 56606.16509050  5.68  30.852836  27.572661  3.861 -100.00 -100.00 -100.00
 198    40.388 56616.08073795 40.80  30.849955  27.571270 18.232 -100.00 -100.00 -100.00
 198    39.475 56616.08073854 44.64  30.851145  27.568841   -100 -100.00 -100.00 -100.00
 201   168.846 56645.82766115  4.73  30.852105  27.574881  3.267 -100.00 -100.00 -100.00
 201   169.840 56645.82766174  5.95  30.853295  27.572452  5.382 -100.00 -100.00 -100.00
 207   167.873 56705.32153291  5.11  30.850802  27.574957  4.027 -100.00 -100.00 -100.00
 207   169.717 56705.32153350  5.41  30.851992  27.572529  4.566 -100.00 -100.00 -100.00
 211    40.410 56744.98411587 38.98  30.846509  27.568362 24.559 -100.00 -100.00 -100.00
 211    39.929 56744.98411646 40.60  30.847699  27.565934   -100 -100.00 -100.00 -100.00
 213   167.822 56764.81539297  4.42  30.851408  27.576046  3.651 -100.00 -100.00 -100.00
 213   169.686 56764.81539356  4.42  30.852598  27.573618  3.650 -100.00 -100.00 -100.00
 213   170.964 56764.81539415  4.65  30.853788  27.571190  3.577 -100.00 -100.00 -100.00
 215   169.826 56784.64668735  6.62  30.850044  27.571429  3.555 -100.00 -100.00 -100.00
 215   170.938 56784.64668794  7.86  30.851234  27.569001  5.439 -100.00 -100.00 -100.00
 216    41.093 56794.56234101 34.26  30.846440  27.567827 29.879 -100.00 -100.00 -100.00
 216    40.784 56794.56234160 37.94  30.847630  27.565398   -100 -100.00 -100.00 -100.00
 217    41.500 56804.47799126 40.00  30.844968  27.565152   -100 -100.00 -100.00 -100.00
 217    41.440 56804.47799185 42.86  30.846158  27.562724   -100 -100.00 -100.00 -100.00
 221    41.614 56844.14053954 44.89  30.851134  27.572757   -100 -100.00 -100.00 -100.00
 221    41.386 56844.14054013 49.17  30.852324  27.570328  8.129 -100.00 -100.00 -100.00
 223    41.159 56863.97183657 36.13  30.849360  27.571091 32.320 -100.00 -100.00 -100.00
 223    41.551 56863.97183717 37.65  30.850550  27.568663 31.323 -100.00 -100.00 -100.00
 227    41.001 56903.63442886 36.44  30.846763  27.567280   -100 -100.00 -100.00 -100.00
 227    40.761 56903.63442945 38.16  30.847953  27.564852  6.084 -100.00 -100.00 -100.00
 228    40.105 56913.55007009 32.02  30.845537  27.567841   -100 -100.00 -100.00 -100.00
 228    40.205 56913.55007068 34.50  30.846727  27.565413   -100 -100.00 -100.00 -100.00
 229    39.551 56923.46571009 32.34  30.846964  27.568376   -100 -100.00 -100.00 -100.00
 229    39.685 56923.46571068 33.21  30.848154  27.565948   -100 -100.00 -100.00 -100.00
 231    39.872 56943.29697930 44.25  30.853654  27.575592   -100 -100.00 -100.00 -100.00
 231    39.840 56943.29697989 47.08  30.854844  27.573164   -100 -100.00 -100.00 -100.00
 232   169.623 56953.21262562  4.23  30.853693  27.575122  2.930 -100.00 -100.00 -100.00
 232   171.150 56953.21262621  4.12  30.854883  27.572693  3.033 -100.00 -100.00 -100.00
 233   169.181 56963.12827653  4.23  30.850774  27.572545  3.990 -100.00 -100.00 -100.00
 233   171.546 56963.12827712  4.73  30.851964  27.570117  3.844 -100.00 -100.00 -100.00
 236   168.228 56992.87519927  4.65  30.850813  27.574715  3.602 -100.00 -100.00 -100.00
 236   169.907 56992.87519986  3.96  30.852003  27.572286  3.940 -100.00 -100.00 -100.00
 238   168.340 57012.70649121  4.72  30.850573  27.573711  3.773 -100.00 -100.00 -100.00
 238   169.641 57012.70649180  6.33  30.851763  27.571283  5.714 -100.00 -100.00 -100.00
 239    39.059 57022.62214295 40.68  30.848736  27.570512   -100 -100.00 -100.00 -100.00
 239    38.959 57022.62214354 43.06  30.849926  27.568084   -100 -100.00 -100.00 -100.00
 244   168.811 57072.20035852  5.24  30.851419  27.573600  3.932 -100.00 -100.00 -100.00
 244   170.485 57072.20035911  4.87  30.852609  27.571172  3.568 -100.00 -100.00 -100.00
 246   169.358 57092.03163462  4.74  30.852954  27.574917  3.453 -100.00 -100.00 -100.00
 246   170.647 57092.03163521  4.59  30.854144  27.572489  3.269 -100.00 -100.00 -100.00
 247   169.056 57101.94729208  4.65  30.850812  27.572149  4.553 -100.00 -100.00 -100.00
 247   171.153 57101.94729267  4.03  30.852001  27.569721  3.221 -100.00 -100.00 -100.00
