# NaN NaN NaN ;Mean Elev.(m), Avg Gradient(m/km), RMS Gradient(m/km) - SRTM1     
#   55.640   5.561  20.969 ;Mean Elev.(m), Avg Gradient(m/km), RMS Gradient(m/km) - ASTER GDEM
#   43.004   5.790  21.331 ;Mean Elev.(m), Avg Gradient(m/km), RMS Gradient(m/km) - GMTED2010 
  26    46.132 54910.59024886 28.52  30.935740  27.379970 28.908 -100.00 -100.00 -100.00
  26    47.061 54910.59024945 26.86  30.936925  27.377540 20.812 -100.00 -100.00 -100.00
  55   181.666 55198.14388170 10.79  30.944002  27.379351  6.019 -100.00 -100.00 -100.00
  55   180.097 55198.14388229 11.14  30.945187  27.376922  6.719 -100.00 -100.00 -100.00
  62   182.675 55267.55339382 10.35  30.936096  27.380201  5.349 -100.00 -100.00 -100.00
  62   181.073 55267.55339441 11.07  30.937281  27.377772  7.265 -100.00 -100.00 -100.00
  83    42.265 55475.78187865 41.30  30.944242  27.379372  9.936 -100.00 -100.00 -100.00
  83    46.968 55475.78187924 30.92  30.945428  27.376942   -100 -100.00 -100.00 -100.00
 145   181.420 56090.55170697 11.96  30.945191  27.379159  5.794 -100.00 -100.00 -100.00
 145   180.054 56090.55170756 11.97  30.946376  27.376729  6.848 -100.00 -100.00 -100.00
 165   181.419 56288.86455632 12.65  30.944684  27.379345  6.065 -100.00 -100.00 -100.00
 165   180.087 56288.86455691 13.15  30.945869  27.376915  7.245 -100.00 -100.00 -100.00
 202    40.990 56655.74336058 39.77  30.944454  27.379399   -100 -100.00 -100.00 -100.00
 202    41.138 56655.74336117 39.87  30.945639  27.376969   -100 -100.00 -100.00 -100.00
